0 214
1 223
2 182
3 207
4 190
5 180
6 262
7 182
8 239
9 212
10 188
11 173
12 203
13 211
14 189
15 214
16 210
17 180
18 163
19 203
20 216
21 199
22 235
23 176
24 227
25 158
26 227
27 215
28 218
29 151
30 210
31 221
32 232
33 154
34 217
35 180
36 186
37 210
38 214
39 183
40 133
41 179
42 186
43 216
44 177
45 212
46 182
47 214
48 208
49 197
50 216
51 183
52 178
53 229
54 173
55 169
56 213
57 226
58 178
59 210
60 209
61 218
62 190
63 201
64 195
65 201
66 156
67 203
68 223
69 215
70 196
71 178
72 227
73 173
74 227
75 204
76 193
77 145
78 216
79 199
80 210
81 159
82 205
83 184
84 222
85 170
86 209
87 218
88 192
89 190
90 243
91 208
92 164
93 220
94 232
95 172
96 191
97 228
98 229
99 182
100 242
101 226
102 192
103 165
104 224
105 213
106 160
107 184
108 207
109 213
110 161
111 203
112 209
113 218
114 162
115 214
116 211
117 201
118 170
119 203
120 190
121 187
122 213
123 201
124 238
125 200
126 168
127 224
128 201
129 181
130 212
131 231
132 205
133 162
134 226
135 204
136 180
137 208
138 239
139 186
140 182
141 217
142 229
143 182
144 244
145 165
146 207
147 162
148 245
149 185
150 216
151 161
152 230
153 209
154 229
155 177
156 198
157 196
158 182
159 194
160 197
161 223
162 139
163 172
164 213
165 203
166 175
167 198
168 188
169 217
170 196
171 221
172 215
173 207
174 190
175 237
176 173
177 182
178 231
179 226
180 176
181 193
182 167
183 215
184 172
185 192
186 218
187 184
188 182
189 239
190 230
191 213
192 202
193 176
194 225
195 166
196 201
197 213
198 200
199 149
200 262
201 188
202 230
203 182
204 212
205 161
206 182
207 245
208 173
209 211
210 211
211 186
212 175
213 187
214 203
215 194
216 216
217 204
218 173
219 189
220 184
221 219
222 232
223 159
224 194
225 226
226 181
227 209
228 220
229 255
230 131
231 213
232 210
233 209
234 180
235 196
236 216
237 215
238 186
239 214
240 217
241 175
242 181
243 196
244 198
245 181
246 194
247 201
248 197
249 183
250 206
251 204
252 175
253 185
254 245
255 182
256 177
257 202
258 200
259 169
260 198
261 191
262 219
263 175
264 198
265 210
266 204
267 137
268 211
269 201
270 224
271 167
272 207
273 175
274 185
275 227
276 224
277 197
278 133
279 184
280 215
281 212
282 193
283 209
284 187
285 236
286 206
287 188
288 216
289 188
290 172
291 233
292 181
293 162
294 225
295 218
296 166
297 199
298 183
299 208
300 189
301 230
302 223
303 206
304 154
305 212
306 196
307 196
308 180
309 196
310 218
311 173
312 231
313 219
314 224
315 146
316 212
317 198
318 195
319 146
320 216
321 199
322 236
323 202
324 216
325 189
326 183
327 195
328 266
329 184
330 178
331 215
332 232
333 170
334 171
335 222
336 222
337 180
338 203
339 209
340 186
341 175
342 213
343 201
344 185
345 185
346 214
347 214
348 178
349 191
350 232
351 217
352 154
353 217
354 203
355 231
356 190
357 212
358 166
359 181
360 209
361 211
362 208
363 185
364 176
365 193
366 220
367 209
368 205
369 222
370 178
371 170
372 222
373 194
374 191
375 182
376 247
377 183
378 159
379 221
380 205
381 159
382 226
383 180
384 208
385 135
386 224
387 221
388 215
389 151
390 225
391 237
392 198
393 194
394 245
395 211
396 165
397 200
398 201
399 226
400 165
401 259
402 167
403 217
404 174
405 204
406 176
407 219
408 213
409 160
410 207
411 180
412 191
413 223
414 192
415 218
416 196
417 216
418 197
419 207
420 151
421 211
422 231
423 224
424 198
425 162
426 202
427 199
428 236
429 204
430 210
431 134
432 212
433 199
434 237
435 190
436 213
437 192
438 198
439 171
440 236
441 219
442 161
443 197
444 246
445 188
446 170
447 200
448 216
449 173
450 214
451 198
452 221
453 232
454 209
455 233
456 196
457 178
458 214
459 198
460 200
461 179
462 186
463 214
464 193
465 199
466 201
467 216
468 158
469 242
470 205
471 217
472 174
473 221
474 199
475 210
476 192
477 199
478 212
479 189
480 167
481 219
482 185
483 181
484 223
485 190
486 204
487 209
488 216
489 217
490 185
491 172
492 225
493 163
494 204
495 209
496 214
497 202
498 238
499 164
500 200
501 191
502 220
503 221
504 232
505 173
506 252
507 191
508 196
509 177
510 226
511 192
512 169
513 220
514 220
515 214
516 183
517 202
518 226
519 237
520 188
521 207
522 156
523 221
524 173
525 210
526 240
527 196
528 190
529 244
530 195
531 161
532 191
533 213
534 181
535 196
536 187
537 199
538 182
539 214
540 231
541 221
542 154
543 212
544 195
545 209
546 195
547 162
548 229
549 177
550 214
551 208
552 220
553 156
554 226
555 216
556 228
557 147
558 194
559 182
560 216
561 162
562 195
563 181
564 187
565 193
566 243
567 192
568 179
569 193
570 214
571 163
572 198
573 206
574 215
575 182
576 205
577 204
578 182
579 182
580 197
581 202
582 234
583 179
584 190
585 191
586 194
587 216
588 230
589 216
590 142
591 220
592 230
593 220
594 179
595 223
596 182
597 190
598 212
599 233
600 218
601 191
602 192
603 202
604 221
605 201
606 185
607 187
608 164
609 197
610 171
611 218
612 229
613 176
614 210
615 185
616 223
617 190
618 213
619 204
620 194
621 152
622 231
623 217
624 253
625 169
626 209
627 192
628 180
629 248
630 185
631 210
632 171
633 202
634 169
635 219
636 179
637 221
638 204
639 209
640 172
641 205
642 218
643 166
644 177
645 252
646 197
647 210
648 217
649 190
650 183
651 211
652 173
653 218
654 178
655 208
656 226
657 207
658 169
659 204
660 183
661 201
662 180
663 189
664 202
665 196
666 204
667 205
668 224
669 146
670 211
671 192
672 197
673 201
674 236
675 184
676 233
677 172
678 205
679 185
680 186
681 165
682 262
683 155
684 172
685 223
686 198
687 176
688 204
689 168
690 200
691 169
692 227
693 187
694 169
695 183
696 210
697 214
698 190
699 190
700 203
701 212
702 170
703 211
704 213
705 210
706 147
707 192
708 242
709 212
710 192
711 203
712 178
713 197
714 212
715 221
716 188
717 202
718 157
719 225
720 219
721 193
722 211
723 206
724 199
725 191
726 190
727 242
728 172
729 192
730 215
731 170
732 187
733 242
734 235
735 169
736 204
737 162
738 216
739 176
740 217
741 251
742 188
743 162
744 209
745 210
746 195
747 175
748 217
749 173
750 168
751 204
752 217
753 227
754 164
755 190
756 216
757 214
758 217
759 222
760 197
761 221
762 172
763 211
764 198
765 184
766 186
767 236
768 171
769 194
770 191
771 195
772 203
773 209
774 172
775 210
776 203
777 209
778 223
779 220
780 160
781 205
782 187
783 228
784 193
785 192
786 188
787 190
788 215
789 214
790 246
791 122
792 198
793 208
794 211
795 197
796 209
797 184
798 216
799 190
800 215
801 219
802 187
803 196
804 189
805 182
806 175
807 188
808 247
809 180
810 231
811 187
812 220
813 198
814 227
815 173
816 183
817 241
818 166
819 204
820 212
821 200
822 150
823 224
824 221
825 205
826 191
827 255
828 177
829 250
830 192
831 230
832 209
833 178
834 190
835 212
836 189
837 186
838 225
839 221
840 188
841 183
842 241
843 213
844 187
845 216
846 245
847 186
848 185
849 217
850 204
851 174
852 206
853 183
854 210
855 202
856 212
857 237
858 208
859 144
860 187
861 221
862 195
863 172
864 198
865 174
866 190
867 208
868 225
869 212
870 182
871 197
872 222
873 212
874 168
875 203
876 190
877 236
878 200
879 233
880 223
881 181
882 201
883 277
884 194
885 178
886 222
887 201
888 180
889 201
890 171
891 219
892 182
893 221
894 211
895 235
896 159
897 227
898 212
899 216
900 204
901 206
902 157
903 189
904 215
905 204
906 242
907 159
908 198
909 232
910 203
911 175
912 212
913 189
914 211
915 179
916 216
917 220
918 191
919 175
920 239
921 192
922 175
923 196
924 218
925 211
926 196
927 184
928 200
929 197
930 211
931 206
932 192
933 174
934 202
935 228
936 212
937 169
938 194
939 229
940 152
941 195
942 200
943 210
944 152
945 221
946 225
947 202
948 164
949 218
950 187
951 197
952 192
953 206
954 212
955 196
956 174
957 209
958 216
959 199
960 220
961 213
962 186
963 191
964 202
965 226
966 187
967 191
968 186
969 198
970 187
971 214
972 196
973 196
974 217
975 194
976 194
977 176
978 216
979 200
980 222
981 160
982 186
983 209
984 223
985 165
986 210
987 196
988 154
989 209
990 189
991 181
992 168
993 192
994 225
995 220
996 171
997 204
998 186
999 230
1000 179
1001 234
1002 201
1003 195
1004 215
1005 182
1006 174
1007 222
1008 186
1009 206
1010 200
1011 216
1012 149
1013 243
1014 201
1015 223
1016 185
1017 210
1018 174
1019 189
1020 223
1021 228
1022 231
1023 148
1024 208
1025 242
1026 207
1027 192
1028 210
1029 180
1030 216
1031 166
1032 211
1033 220
1034 189
1035 208
1036 231
1037 193
1038 193
1039 243
1040 216
1041 188
1042 205
1043 203
1044 209
1045 147
1046 210
1047 234
1048 170
1049 148
1050 222
1051 205
1052 198
1053 191
1054 173
1055 192
1056 188
1057 214
1058 220
1059 195
1060 158
1061 220
1062 210
1063 206
1064 181
1065 227
1066 187
1067 193
1068 196
1069 214
1070 214
1071 178
1072 172
1073 240
1074 171
1075 182
1076 207
1077 205
1078 176
1079 170
1080 207
1081 215
1082 205
1083 228
1084 211
1085 187
1086 184
1087 206
1088 221
1089 170
1090 199
1091 180
1092 221
1093 194
1094 214
1095 231
1096 204
1097 154
1098 208
1099 221
1100 198
1101 171
1102 231
1103 167
1104 181
1105 218
1106 198
1107 190
1108 185
1109 179
1110 205
1111 239
1112 197
1113 235
1114 198
1115 202
1116 160
1117 234
1118 235
1119 191
1120 158
1121 271
1122 192
1123 180
1124 241
1125 204
1126 171
1127 208
1128 203
1129 211
1130 194
1131 231
1132 233
1133 204
1134 147
1135 228
1136 227
1137 215
1138 196
1139 183
1140 209
1141 178
1142 210
1143 210
1144 201
1145 173
1146 197
1147 228
1148 204
1149 175
1150 228
1151 178
1152 204
1153 172
1154 214
1155 254
1156 185
1157 198
1158 227
1159 186
1160 170
1161 215
1162 225
1163 164
1164 215
1165 195
1166 225
1167 180
1168 199
1169 241
1170 224
1171 176
1172 223
1173 224
1174 221
1175 185
1176 179
1177 236
1178 180
1179 203
1180 206
1181 217
1182 166
1183 217
1184 215
1185 232
1186 169
1187 206
1188 178
1189 218
1190 169
1191 205
1192 220
1193 188
1194 187
1195 204
1196 226
1197 213
1198 217
1199 223
1200 194
1201 202
1202 204
1203 216
1204 195
1205 224
1206 188
1207 199
1208 210
1209 182
1210 221
1211 185
1212 245
1213 150
1214 202
1215 228
1216 222
1217 194
1218 191
1219 183
1220 188
1221 168
1222 225
1223 201
1224 174
1225 196
1226 236
1227 216
1228 181
1229 209
1230 223
1231 172
1232 161
1233 228
1234 217
1235 167
1236 200
1237 227
1238 179
1239 194
1240 229
1241 218
1242 182
1243 217
1244 179
1245 208
1246 170
1247 211
1248 225
1249 202
1250 159
1251 215
1252 214
1253 216
1254 178
1255 224
1256 202
1257 191
1258 204
1259 229
1260 229
1261 146
1262 214
1263 213
1264 222
1265 191
1266 212
1267 186
1268 202
1269 204
1270 200
1271 213
1272 208
1273 179
1274 254
1275 188
1276 150
1277 211
1278 200
1279 163
1280 207
1281 185
1282 202
1283 171
1284 194
1285 204
1286 173
1287 151
1288 245
1289 203
1290 196
1291 200
1292 188
1293 213
1294 199
1295 218
1296 218
1297 203
1298 158
1299 195
1300 217
1301 204
1302 174
1303 171
1304 166
1305 209
1306 189
1307 221
1308 219
1309 151
1310 192
1311 240
1312 220
1313 204
1314 216
1315 183
1316 211
1317 165
1318 216
1319 217
1320 173
1321 213
1322 237
1323 173
1324 180
1325 253
1326 213
1327 194
1328 206
1329 209
1330 222
1331 165
1332 222
1333 199
1334 218
1335 168
1336 217
1337 218
1338 217
1339 174
1340 209
1341 173
1342 185
1343 214
1344 201
1345 234
1346 168
1347 197
1348 183
1349 206
1350 182
1351 210
1352 227
1353 194
1354 206
1355 197
1356 230
1357 164
1358 174
1359 269
1360 179
1361 187
1362 210
1363 233
1364 215
1365 207
1366 183
1367 181
1368 182
1369 216
1370 216
1371 212
1372 143
1373 208
1374 196
1375 170
1376 177
1377 196
1378 169
1379 182
1380 233
1381 219
1382 238
1383 170
1384 191
1385 207
1386 238
1387 169
1388 203
1389 199
1390 234
1391 196
1392 202
1393 158
1394 161
1395 172
1396 258
1397 194
1398 180
1399 222
1400 200
1401 179
1402 207
1403 162
1404 211
1405 164
1406 259
1407 176
1408 166
1409 230
1410 198
1411 230
1412 202
1413 205
1414 147
1415 181
1416 226
1417 192
1418 205
1419 221
1420 185
1421 240
1422 206
1423 195
1424 186
1425 210
1426 173
1427 262
1428 171
1429 184
1430 228
1431 205
1432 195
1433 189
1434 183
1435 207
1436 167
1437 209
1438 213
1439 199
1440 185
1441 201
1442 227
1443 213
1444 156
1445 156
1446 209
1447 209
1448 219
1449 195
1450 213
1451 158
1452 231
1453 177
1454 232
1455 190
1456 227
1457 187
1458 201
1459 189
1460 201
1461 185
1462 174
1463 171
1464 247
1465 221
1466 187
1467 209
1468 228
1469 188
1470 184
1471 220
1472 222
1473 189
1474 157
1475 260
1476 185
1477 213
1478 211
1479 219
1480 190
1481 222
1482 183
1483 235
1484 189
1485 213
1486 229
1487 217
1488 158
1489 221
1490 209
1491 217
1492 187
1493 221
1494 198
1495 188
1496 208
1497 210
1498 210
1499 144
1500 164
1501 202
1502 208
1503 164
1504 223
1505 191
1506 220
1507 172
1508 209
1509 180
1510 194
1511 167
1512 246
1513 179
1514 200
1515 212
1516 224
1517 173
1518 224
1519 174
1520 212
1521 179
1522 229
1523 216
1524 216
1525 171
1526 218
1527 216
1528 190
1529 184
1530 180
1531 216
1532 200
1533 196
1534 220
1535 206
1536 142
1537 202
1538 199
1539 204
1540 176
1541 213
1542 191
1543 221
1544 207
1545 208
1546 208
1547 175
1548 179
1549 259
1550 190
1551 164
1552 216
1553 215
1554 189
1555 179
1556 186
1557 213
1558 201
1559 221
1560 206
1561 203
1562 171
1563 220
1564 226
1565 193
1566 191
1567 180
1568 214
1569 166
1570 213
1571 213
1572 173
1573 154
1574 190
1575 232
1576 206
1577 193
1578 191
1579 169
1580 168
1581 207
1582 222
1583 205
1584 169
1585 200
1586 227
1587 202
1588 176
1589 218
1590 218
1591 163
1592 203
1593 196
1594 247
1595 190
1596 190
1597 242
1598 182
1599 191
1600 211
1601 221
1602 165
1603 212
1604 175
1605 219
1606 185
1607 239
1608 182
1609 210
1610 204
1611 163
1612 240
1613 215
1614 191
1615 196
1616 187
1617 205
1618 192
1619 186
1620 221
1621 165
1622 203
1623 160
1624 220
1625 206
1626 179
1627 169
1628 263
1629 202
1630 154
1631 218
1632 211
1633 178
1634 228
1635 203
1636 214
1637 200
1638 216
1639 211
1640 252
1641 163
1642 214
1643 228
1644 196
1645 172
1646 203
1647 210
1648 167
1649 206
1650 212
1651 215
1652 149
1653 217
1654 223
1655 251
1656 188
1657 218
1658 169
1659 214
1660 194
1661 213
1662 219
1663 162
1664 190
1665 248
1666 185
1667 212
1668 219
1669 207
1670 163
1671 189
1672 174
1673 222
1674 169
1675 211
1676 226
1677 168
1678 205
1679 219
1680 205
1681 217
1682 160
1683 191
1684 213
1685 198
1686 198
1687 210
1688 213
1689 149
1690 211
1691 206
1692 237
1693 175
1694 198
1695 185
1696 232
1697 188
1698 196
1699 231
1700 186
1701 165
1702 228
1703 221
1704 205
1705 230
1706 213
1707 177
1708 180
1709 198
1710 196
1711 190
1712 185
1713 229
1714 203
1715 196
1716 212
1717 219
1718 182
1719 216
1720 155
1721 187
1722 187
1723 225
1724 207
1725 203
1726 149
1727 244
1728 226
1729 196
1730 163
1731 195
1732 201
1733 190
1734 209
1735 193
1736 228
1737 141
1738 182
1739 199
1740 224
1741 194
1742 218
1743 203
1744 198
1745 172
1746 235
1747 193
1748 194
1749 178
1750 247
1751 177
1752 175
1753 202
1754 209
1755 204
1756 217
1757 170
1758 217
1759 185
1760 233
1761 217
1762 206
1763 162
1764 234
1765 214
1766 210
1767 181
1768 187
1769 192
1770 191
1771 222
1772 208
1773 221
1774 155
1775 207
1776 202
1777 206
1778 157
1779 204
1780 177
1781 196
1782 176
1783 226
1784 213
1785 170
1786 167
1787 222
1788 175
1789 174
1790 240
1791 223
1792 188
1793 199
1794 215
1795 220
1796 192
1797 191
1798 223
1799 159
1800 193
1801 214
1802 212
1803 222
1804 193
1805 201
1806 230
1807 187
1808 273
1809 170
1810 213
1811 186
1812 210
1813 169
1814 229
1815 208
1816 190
1817 192
1818 209
1819 215
1820 193
1821 218
1822 188
1823 195
1824 190
1825 210
1826 218
1827 200
1828 219
1829 187
1830 196
1831 177
1832 207
1833 223
1834 181
1835 236
1836 179
1837 212
1838 190
1839 213
1840 195
1841 211
1842 167
1843 181
1844 175
1845 183
1846 199
1847 203
1848 186
1849 189
1850 225
1851 241
1852 222
1853 189
1854 181
1855 197
1856 208
1857 175
1858 225
1859 163
1860 200
1861 169
1862 208
1863 225
1864 171
1865 187
1866 239
1867 179
1868 195
1869 239
1870 199
1871 166
1872 203
1873 205
1874 224
1875 152
1876 212
1877 199
1878 216
1879 164
1880 212
1881 207
1882 229
1883 197
1884 199
1885 233
1886 179
1887 231
1888 231
1889 219
1890 152
1891 220
1892 207
1893 180
1894 175
1895 223
1896 174
1897 224
1898 171
1899 212
1900 221
1901 204
1902 184
1903 255
1904 185
1905 182
1906 222
1907 207
1908 185
1909 186
1910 191
1911 199
1912 182
1913 212
1914 217
1915 200
1916 193
1917 241
1918 207
1919 207
1920 166
1921 191
1922 214
1923 174
1924 196
1925 248
1926 200
1927 153
1928 207
1929 227
1930 214
1931 171
1932 200
1933 171
1934 231
1935 190
1936 206
1937 228
1938 184
1939 190
1940 233
1941 222
1942 198
1943 240
1944 190
1945 189
1946 163
1947 215
1948 190
1949 176
1950 200
1951 228
1952 203
1953 195
1954 205
1955 234
1956 169
1957 243
1958 185
1959 194
1960 193
1961 225
1962 218
1963 203
1964 153
1965 214
1966 218
1967 198
1968 169
1969 210
1970 173
1971 215
1972 216
1973 213
1974 219
1975 162
1976 162
1977 201
1978 198
1979 173
1980 223
1981 169
1982 194
1983 184
1984 191
1985 213
1986 178
1987 199
1988 275
1989 191
1990 185
1991 220
1992 228
1993 167
1994 192
1995 189
1996 215
1997 191
1998 211
1999 195
2000 238
2001 165
2002 232
2003 213
2004 258
2005 203
2006 148
2007 200
2008 191
2009 248
2010 166
2011 202
2012 198
2013 181
2014 205
2015 218
2016 193
2017 188
2018 178
2019 233
2020 162
2021 165
2022 212
2023 195
2024 199
2025 226
2026 181
2027 224
2028 182
2029 215
2030 192
2031 170
2032 188
2033 223
2034 222
2035 224
2036 174
2037 201
2038 207
2039 202
2040 240
2041 199
2042 217
2043 164
2044 209
2045 193
2046 243
2047 174
2048 230
2049 166
2050 199
2051 197
2052 219
2053 220
2054 170
2055 183
2056 219
2057 226
2058 181
2059 222
2060 216
2061 191
2062 195
2063 234
2064 175
2065 185
2066 230
2067 216
2068 185
2069 181
2070 242
2071 209
2072 163
2073 208
2074 193
2075 200
2076 182
2077 197
2078 228
2079 202
2080 152
2081 218
2082 223
2083 219
2084 171
2085 247
2086 158
2087 196
2088 211
2089 227
2090 207
2091 185
2092 185
2093 207
2094 197
2095 183
2096 242
2097 173
2098 220
2099 184
2100 213
2101 212
2102 175
2103 153
2104 242
2105 191
2106 209
2107 206
2108 197
2109 173
2110 209
2111 191
2112 203
2113 199
2114 250
2115 189
2116 220
2117 136
2118 225
2119 225
2120 233
2121 207
2122 187
2123 182
2124 170
2125 216
2126 229
2127 196
2128 150
2129 220
2130 198
2131 220
2132 189
2133 215
2134 177
2135 200
2136 190
2137 200
2138 225
2139 172
2140 171
2141 225
2142 192
2143 178
2144 223
2145 209
2146 164
2147 224
2148 190
2149 223
2150 182
2151 215
2152 232
2153 174
2154 171
2155 219
2156 204
2157 224
2158 172
2159 183
2160 223
2161 197
2162 204
2163 204
2164 221
2165 158
2166 205
2167 231
2168 210
2169 187
2170 203
2171 171
2172 205
2173 184
2174 208
2175 210
2176 179
2177 177
2178 236
2179 214
2180 180
2181 207
2182 240
2183 159
2184 197
2185 214
2186 208
2187 197
2188 179
2189 227
2190 209
2191 196
2192 220
2193 223
2194 185
2195 231
2196 176
2197 210
2198 174
2199 213
2200 223
2201 204
2202 141
2203 207
2204 209
2205 202
2206 192
2207 185
2208 175
2209 210
2210 255
2211 168
2212 202
2213 209
2214 204
2215 195
2216 208
2217 220
2218 185
2219 157
2220 226
2221 234
2222 183
2223 210
2224 221
2225 191
2226 214
2227 177
2228 223
2229 165
2230 224
2231 185
2232 213
2233 141
2234 218
2235 218
2236 203
2237 183
2238 194
2239 178
2240 173
2241 195
2242 212
2243 242
2244 142
2245 212
2246 188
2247 228
2248 184
2249 203
2250 195
2251 220
2252 182
2253 214
2254 194
2255 188
2256 163
2257 230
2258 185
2259 177
2260 218
2261 229
2262 200
2263 206
2264 186
2265 181
2266 193
2267 244
2268 248
2269 182
2270 186
2271 211
2272 211
2273 224
2274 200
2275 201
2276 205
2277 177
2278 197
2279 212
2280 225
2281 146
2282 188
2283 215
2284 240
2285 188
2286 210
2287 184
2288 209
2289 188
2290 232
2291 222
2292 179
2293 183
2294 201
2295 183
2296 171
2297 231
2298 217
2299 172
2300 190
2301 205
2302 182
2303 185
2304 206
2305 214
2306 179
2307 165
2308 234
2309 198
2310 183
2311 189
2312 186
2313 244
2314 172
2315 239
2316 217
2317 226
2318 150
2319 206
2320 235
2321 221
2322 174
2323 220
2324 175
2325 185
2326 201
2327 207
2328 235
2329 172
2330 171
2331 242
2332 214
2333 192
2334 216
2335 178
2336 226
2337 180
2338 214
2339 218
2340 192
2341 168
2342 237
2343 191
2344 183
2345 222
2346 237
2347 175
2348 225
2349 200
2350 228
2351 190
2352 211
2353 195
2354 209
2355 165
2356 202
2357 183
2358 229
2359 184
2360 215
2361 206
2362 194
2363 206
2364 195
2365 229
2366 150
2367 225
2368 194
2369 230
2370 192
2371 232
2372 200
2373 223
2374 178
2375 232
2376 220
2377 194
2378 212
2379 249
2380 175
2381 180
2382 212
2383 210
2384 168
2385 219
2386 184
2387 229
2388 205
2389 199
2390 210
2391 207
2392 174
2393 228
2394 207
2395 209
2396 196
2397 174
2398 218
2399 177
2400 207
2401 169
2402 228
2403 151
2404 282
2405 196
2406 226
2407 211
2408 191
2409 209
2410 219
2411 196
2412 195
2413 221
2414 219
2415 185
2416 158
2417 221
2418 200
2419 186
2420 231
2421 236
2422 190
2423 177
2424 207
2425 197
2426 216
2427 189
2428 180
2429 217
2430 183
2431 194
2432 208
2433 202
2434 150
2435 225
2436 215
2437 191
2438 178
2439 230
2440 177
2441 197
2442 191
2443 219
2444 209
2445 168
2446 209
2447 216
2448 196
2449 182
2450 236
2451 212
2452 192
2453 195
2454 213
2455 201
2456 175
2457 169
2458 247
2459 175
2460 209
2461 234
2462 195
2463 168
2464 201
2465 186
2466 230
2467 134
2468 216
2469 190
2470 237
2471 167
2472 192
2473 227
2474 194
2475 166
2476 209
2477 182
2478 182
2479 201
2480 202
2481 211
2482 162
2483 205
2484 226
2485 218
2486 167
2487 215
2488 188
2489 200
2490 177
2491 196
2492 200
2493 173
2494 204
2495 242
2496 190
2497 197
2498 193
2499 224
2500 197
2501 204
2502 170
2503 186
2504 203
2505 231
2506 239
2507 183
2508 158
2509 216
2510 218
2511 235
2512 180
2513 209
2514 215
2515 217
2516 202
2517 241
2518 217
2519 141
2520 214
2521 215
2522 209
2523 193
2524 217
2525 156
2526 225
2527 188
2528 212
2529 241
2530 186
2531 181
2532 250
2533 181
2534 206
2535 215
2536 216
2537 174
2538 179
2539 200
2540 210
2541 189
2542 213
2543 222
2544 185
2545 177
2546 235
2547 209
2548 170
2549 208
2550 181
2551 240
2552 169
2553 236
2554 223
2555 215
2556 155
2557 242
2558 194
2559 220
2560 216
2561 203
2562 201
2563 186
2564 221
2565 198
2566 204
2567 161
2568 194
2569 212
2570 218
2571 174
2572 195
2573 172
2574 191
2575 179
2576 215
2577 220
2578 166
2579 188
2580 238
2581 164
2582 154
2583 230
2584 212
2585 165
2586 196
2587 185
2588 207
2589 170
2590 196
2591 197
2592 223
2593 146
2594 235
2595 196
2596 203
2597 172
2598 219
2599 186
2600 179
2601 214
2602 216
2603 215
2604 127
2605 262
2606 182
2607 217
2608 238
2609 178
2610 186
2611 191
2612 234
2613 167
2614 218
2615 185
2616 183
2617 196
2618 167
2619 197
2620 172
2621 216
2622 208
2623 215
2624 148
2625 214
2626 213
2627 212
2628 196
2629 184
2630 238
2631 188
2632 215
2633 218
2634 226
2635 149
2636 216
2637 232
2638 198
2639 176
2640 197
2641 187
2642 224
2643 166
2644 226
2645 219
2646 192
2647 175
2648 256
2649 179
2650 205
2651 189
2652 191
2653 171
2654 197
2655 188
2656 248
2657 190
2658 224
2659 186
2660 181
2661 192
2662 220
2663 209
2664 216
2665 155
2666 195
2667 232
2668 185
2669 231
2670 234
2671 213
2672 145
2673 215
2674 188
2675 219
2676 176
2677 217
2678 181
2679 182
2680 189
2681 223
2682 215
2683 170
2684 201
2685 206
2686 204
2687 172
2688 212
2689 193
2690 200
2691 169
2692 197
2693 208
2694 170
2695 203
2696 236
2697 202
2698 190
2699 202
2700 216
2701 177
2702 212
2703 172
2704 228
2705 186
2706 201
2707 194
2708 208
2709 164
2710 238
2711 229
2712 243
2713 204
2714 221
2715 179
2716 192
2717 238
2718 222
2719 208
2720 147
2721 220
2722 222
2723 201
2724 165
2725 201
2726 189
2727 200
2728 191
2729 231
2730 210
2731 163
2732 171
2733 231
2734 182
2735 193
2736 205
2737 214
2738 174
2739 202
2740 182
2741 201
2742 172
2743 216
2744 168
2745 185
2746 151
2747 234
2748 232
2749 221
2750 158
2751 213
2752 203
2753 184
2754 239
2755 223
2756 232
2757 142
2758 181
2759 217
2760 197
2761 206
2762 178
2763 188
2764 212
2765 178
2766 207
2767 225
2768 148
2769 204
2770 239
2771 192
2772 180
2773 226
2774 208
2775 201
2776 214
2777 204
2778 199
2779 163
2780 217
2781 222
2782 186
2783 177
2784 213
2785 203
2786 170
2787 207
2788 199
2789 207
2790 166
2791 224
2792 239
2793 221
2794 162
2795 218
2796 200
2797 176
2798 173
2799 223
2800 188
2801 197
2802 224
2803 209
2804 198
2805 177
2806 202
2807 191
2808 233
2809 183
2810 212
2811 219
2812 169
2813 194
2814 179
2815 210
2816 211
2817 184
2818 221
2819 192
2820 216
2821 175
2822 227
2823 221
2824 218
2825 169
2826 202
2827 224
2828 185
2829 173
2830 213
2831 204
2832 182
2833 204
2834 244
2835 222
2836 176
2837 202
2838 203
2839 230
2840 177
2841 216
2842 158
2843 200
2844 173
2845 223
2846 236
2847 186
2848 194
2849 239
2850 178
2851 158
2852 175
2853 222
2854 178
2855 215
2856 186
2857 205
2858 196
2859 236
2860 203
2861 204
2862 156
2863 193
2864 208
2865 212
2866 161
2867 170
2868 214
2869 161
2870 210
2871 204
2872 218
2873 169
2874 239
2875 200
2876 206
2877 187
2878 200
2879 186
2880 213
2881 175
2882 215
2883 234
2884 180
2885 184
2886 241
2887 165
2888 191
2889 220
2890 199
2891 183
2892 207
2893 212
2894 219
2895 199
2896 223
2897 185
2898 203
2899 169
2900 221
2901 208
2902 216
2903 181
2904 166
2905 194
2906 180
2907 196
2908 222
2909 231
2910 169
2911 214
2912 211
2913 203
2914 187
2915 221
2916 179
2917 185
2918 188
2919 206
2920 203
2921 197
2922 186
2923 218
2924 231
2925 201
2926 184
2927 207
2928 201
2929 159
2930 196
2931 209
2932 193
2933 160
2934 243
2935 166
2936 166
2937 225
2938 222
2939 192
2940 218
2941 207
2942 191
2943 181
2944 202
2945 212
2946 200
2947 149
2948 186
2949 215
2950 212
2951 187
2952 220
2953 181
2954 188
2955 238
2956 213
2957 213
2958 162
2959 182
2960 193
2961 232
2962 208
2963 218
2964 164
2965 228
2966 199
2967 219
2968 207
2969 175
2970 163
2971 260
2972 164
2973 183
2974 206
2975 216
2976 178
2977 198
2978 200
2979 222
2980 187
2981 203
2982 207
2983 221
2984 152
2985 211
2986 232
2987 215
2988 159
2989 181
2990 241
2991 173
2992 227
2993 221
2994 209
2995 151
2996 216
2997 214
2998 210
2999 183
3000 207
3001 177
3002 197
3003 214
3004 188
3005 234
3006 168
3007 222
3008 225
3009 202
3010 221
3011 170
3012 233
3013 193
3014 198
3015 173
3016 213
3017 226
3018 214
3019 179
3020 195
3021 241
3022 184
3023 208
3024 170
3025 199
3026 153
3027 230
3028 203
3029 217
3030 203
3031 189
3032 176
3033 194
3034 181
3035 223
3036 192
3037 175
3038 178
3039 204
3040 226
3041 167
3042 195
3043 228
3044 178
3045 174
3046 206
3047 207
3048 183
3049 213
3050 211
3051 160
3052 208
3053 193
3054 211
3055 189
3056 196
3057 164
3058 183
3059 194
3060 215
3061 239
3062 202
3063 158
3064 216
3065 191
3066 232
3067 168
3068 211
3069 170
3070 186
3071 207
3072 226
3073 216
3074 196
3075 157
3076 220
3077 228
3078 161
3079 218
3080 158
3081 243
3082 178
3083 221
3084 234
3085 187
3086 174
3087 250
3088 170
3089 193
3090 212
3091 202
3092 199
3093 223
3094 176
3095 222
3096 180
3097 228
3098 217
3099 201
3100 161
3101 203
3102 207
3103 240
3104 209
3105 174
3106 205
3107 188
3108 209
3109 221
3110 211
3111 161
3112 211
3113 191
3114 224
3115 158
3116 229
3117 158
3118 185
3119 183
3120 213
3121 212
3122 169
3123 187
3124 263
3125 169
3126 200
3127 206
3128 199
3129 199
3130 180
3131 188
3132 185
3133 169
3134 210
3135 228
3136 189
3137 203
3138 233
3139 217
3140 215
3141 163
3142 173
3143 206
3144 212
3145 216
3146 223
3147 211
3148 137
3149 206
3150 207
3151 213
3152 171
3153 206
3154 194
3155 211
3156 161
3157 222
3158 210
3159 190
3160 172
3161 218
3162 233
3163 185
3164 206
3165 196
3166 188
3167 191
3168 216
3169 212
3170 192
3171 180
3172 236
3173 180
3174 198
3175 200
3176 236
3177 194
3178 193
3179 195
3180 227
3181 161
3182 218
3183 219
3184 216
3185 159
3186 215
3187 220
3188 217
3189 170
3190 242
3191 195
3192 184
3193 179
3194 211
3195 201
3196 151
3197 186
3198 227
3199 219
3200 182
3201 201
3202 198
3203 236
3204 221
3205 201
3206 206
3207 203
3208 227
3209 235
3210 211
3211 221
3212 178
3213 214
3214 227
3215 222
3216 146
3217 218
3218 223
3219 207
3220 205
3221 229
3222 161
3223 203
3224 238
3225 222
3226 233
3227 137
3228 208
3229 195
3230 223
3231 182
3232 221
3233 175
3234 215
3235 179
3236 230
3237 231
3238 163
3239 177
3240 251
3241 184
3242 182
3243 205
3244 224
3245 169
3246 195
3247 179
3248 203
3249 192
3250 238
3251 209
3252 186
3253 179
3254 205
3255 227
3256 214
3257 186
3258 172
3259 210
3260 163
3261 213
3262 205
3263 215
3264 165
3265 229
3266 224
3267 229
3268 173
3269 221
3270 181
3271 227
3272 170
3273 226
3274 226
3275 178
3276 189
3277 229
3278 208
3279 180
3280 213
3281 203
3282 172
3283 198
3284 235
3285 206
3286 187
3287 202
3288 236
3289 163
3290 186
3291 224
3292 202
3293 183
3294 224
3295 179
3296 210
3297 169
3298 192
3299 197
3300 217
3301 134
3302 188
3303 178
3304 200
3305 192
3306 195
3307 218
3308 178
3309 200
3310 206
3311 220
3312 191
3313 167
3314 215
3315 220
3316 171
3317 197
3318 200
3319 206
3320 153
3321 213
3322 227
3323 209
3324 166
3325 213
3326 190
3327 168
3328 212
3329 193
3330 193
3331 241
3332 165
3333 189
3334 170
3335 221
3336 198
3337 232
3338 131
3339 213
3340 205
3341 214
3342 183
3343 195
3344 208
3345 173
3346 206
3347 205
3348 204
3349 153
3350 224
3351 217
3352 203
3353 191
3354 227
3355 193
3356 219
3357 192
3358 206
3359 218
3360 172
3361 187
3362 234
3363 171
3364 173
3365 236
3366 213
3367 219
3368 207
3369 163
3370 217
3371 189
3372 223
3373 220
3374 177
3375 179
3376 222
3377 211
3378 210
3379 192
3380 194
3381 195
3382 138
3383 219
3384 219
3385 190
3386 145
3387 193
3388 195
3389 202
3390 158
3391 196
3392 169
3393 221
3394 203
3395 202
3396 220
3397 172
3398 185
3399 225
3400 216
3401 162
3402 205
3403 206
3404 186
3405 186
3406 184
3407 208
3408 175
3409 213
3410 161
3411 166
3412 227
3413 201
3414 237
3415 215
3416 235
3417 150
3418 216
3419 208
3420 204
3421 193
3422 221
3423 176
3424 195
3425 237
3426 219
3427 234
3428 167
3429 161
3430 202
3431 210
3432 194
3433 210
3434 226
3435 171
3436 187
3437 175
3438 237
3439 183
3440 196
3441 269
3442 184
3443 204
3444 214
3445 229
3446 181
3447 218
3448 177
3449 203
3450 176
3451 222
3452 230
3453 203
3454 158
3455 222
3456 217
3457 204
3458 188
3459 231
3460 178
3461 169
3462 210
3463 207
3464 211
3465 180
3466 243
3467 212
3468 225
3469 189
3470 205
3471 176
3472 197
3473 193
3474 190
3475 157
3476 177
3477 175
3478 230
3479 204
3480 177
3481 217
3482 213
3483 159
3484 230
3485 207
3486 231
3487 182
3488 190
3489 204
3490 193
3491 177
3492 229
3493 215
3494 223
3495 211
3496 198
3497 215
3498 187
3499 211
3500 211
3501 234
3502 132
3503 197
3504 213
3505 246
3506 178
3507 235
3508 176
3509 216
3510 184
3511 222
3512 204
3513 180
3514 182
3515 220
3516 226
3517 212
3518 185
3519 215
3520 197
3521 204
3522 229
3523 222
3524 189
3525 217
3526 202
3527 200
3528 182
3529 191
3530 234
3531 180
3532 195
3533 192
3534 228
3535 179
3536 221
3537 209
3538 230
3539 160
3540 200
3541 210
3542 222
3543 187
3544 235
3545 200
3546 159
3547 210
3548 183
3549 224
3550 178
3551 187
3552 219
3553 221
3554 165
3555 211
3556 193
3557 212
3558 202
3559 237
3560 200
3561 199
3562 174
3563 245
3564 188
3565 167
3566 231
3567 230
3568 202
3569 193
3570 179
3571 209
3572 160
3573 230
3574 196
3575 198
3576 179
3577 213
3578 216
3579 201
3580 159
3581 169
3582 181
3583 193
3584 227
3585 211
3586 231
3587 147
3588 220
3589 196
3590 207
3591 161
3592 227
3593 171
3594 227
3595 181
3596 200
3597 227
3598 203
3599 180
3600 251
3601 176
3602 196
3603 212
3604 212
3605 187
3606 249
3607 148
3608 216
3609 166
3610 247
3611 183
3612 195
3613 197
3614 185
3615 190
3616 203
3617 198
3618 140
3619 208
3620 221
3621 216
3622 200
3623 235
3624 174
3625 202
3626 189
3627 218
3628 188
3629 176
3630 192
3631 271
3632 196
3633 205
3634 204
3635 241
3636 197
3637 180
3638 176
3639 215
3640 173
3641 206
3642 204
3643 167
3644 190
3645 209
3646 199
3647 179
3648 181
3649 186
3650 236
3651 203
3652 232
3653 210
3654 200
3655 142
3656 215
3657 207
3658 195
3659 195
3660 182
3661 171
3662 177
3663 204
3664 252
3665 251
3666 174
3667 168
3668 225
3669 208
3670 194
3671 229
3672 211
3673 200
3674 177
3675 226
3676 211
3677 169
3678 184
3679 252
3680 173
3681 162
3682 225
3683 210
3684 185
3685 189
3686 200
3687 222
3688 144
3689 201
3690 205
3691 199
3692 140
3693 190
3694 209
3695 196
3696 173
3697 207
3698 176
3699 189
3700 204
3701 186
3702 222
3703 140
3704 204
3705 214
3706 250
3707 209
3708 199
3709 182
3710 212
3711 196
3712 211
3713 204
3714 172
3715 185
3716 233
3717 191
3718 203
3719 203
3720 216
3721 185
3722 198
3723 177
3724 223
3725 179
3726 221
3727 219
3728 186
3729 182
3730 185
3731 237
3732 208
3733 182
3734 179
3735 220
3736 211
3737 241
3738 225
3739 198
3740 164
3741 211
3742 184
3743 199
3744 168
3745 221
3746 186
3747 225
3748 166
3749 214
3750 207
3751 178
3752 207
3753 219
3754 174
3755 181
3756 207
3757 229
3758 186
3759 179
3760 217
3761 224
3762 184
3763 222
3764 197
3765 207
3766 180
3767 218
3768 209
3769 181
3770 225
3771 175
3772 191
3773 214
3774 223
3775 231
3776 227
3777 155
3778 238
3779 238
3780 218
3781 157
3782 212
3783 187
3784 185
3785 198
3786 208
3787 251
3788 180
3789 177
3790 192
3791 205
3792 188
3793 215
3794 176
3795 182
3796 161
3797 217
3798 209
3799 177
3800 181
3801 232
3802 175
3803 189
3804 234
3805 227
3806 164
3807 255
3808 164
3809 238
3810 193
3811 274
3812 165
3813 212
3814 189
3815 183
3816 216
3817 245
3818 232
3819 139
3820 192
3821 195
3822 216
3823 202
3824 229
3825 183
3826 199
3827 220
3828 202
3829 183
3830 190
3831 167
3832 237
3833 189
3834 166
3835 194
3836 223
3837 187
3838 196
3839 172
3840 223
3841 189
3842 229
3843 212
3844 220
3845 135
3846 187
3847 185
3848 200
3849 180
3850 160
3851 185
3852 196
3853 222
3854 235
3855 227
3856 162
3857 216
3858 215
3859 216
3860 155
3861 202
3862 170
3863 238
3864 190
3865 213
3866 229
3867 206
3868 187
3869 248
3870 178
3871 168
3872 213
3873 234
3874 182
3875 190
3876 196
3877 208
3878 166
3879 225
3880 219
3881 169
3882 183
3883 207
3884 204
3885 228
3886 179
3887 195
3888 200
3889 202
3890 212
3891 202
3892 182
3893 160
3894 217
3895 197
3896 220
3897 206
3898 202
3899 196
3900 168
3901 244
3902 229
3903 205
3904 163
3905 199
3906 210
3907 223
3908 184
3909 233
3910 234
3911 176
3912 200
3913 237
3914 212
3915 199
3916 162
3917 267
3918 186
3919 181
3920 204
3921 214
3922 175
3923 226
3924 172
3925 220
3926 140
3927 213
3928 198
3929 229
3930 150
3931 213
3932 215
3933 189
3934 157
3935 222
3936 172
3937 198
3938 213
3939 204
3940 228
3941 144
3942 229
3943 197
3944 218
3945 177
3946 213
3947 195
3948 192
3949 175
3950 202
3951 183
3952 192
3953 189
3954 275
3955 176
3956 171
3957 218
3958 211
3959 184
3960 206
3961 191
3962 216
3963 198
3964 222
3965 208
3966 187
3967 186
3968 226
3969 216
3970 183
3971 178
3972 184
3973 238
3974 176
3975 244
3976 226
3977 216
3978 137
3979 224
3980 216
3981 189
3982 160
3983 235
3984 192
3985 219
3986 162
3987 209
3988 224
3989 160
3990 184
3991 243
3992 178
3993 190
3994 229
3995 221
3996 158
3997 160
3998 213
3999 226
4000 178
4001 248
4002 192
4003 193
4004 184
4005 185
4006 207
4007 195
4008 238
4009 143
4010 190
4011 207
4012 201
4013 168
4014 215
4015 187
4016 234
4017 160
4018 207
4019 202
4020 184
4021 166
4022 215
4023 242
4024 192
4025 215
4026 234
4027 186
4028 180
4029 205
4030 192
4031 168
4032 182
4033 198
4034 187
4035 202
4036 224
4037 219
4038 174
4039 205
4040 192
4041 192
4042 184
4043 228
4044 213
4045 235
4046 168
4047 232
4048 204
4049 221
4050 175
4051 198
4052 179
4053 180
4054 202
4055 227
4056 218
4057 182
4058 204
4059 197
4060 212
4061 180
4062 195
4063 168
4064 202
4065 180
4066 213
4067 193
4068 199
4069 163
4070 229
4071 192
4072 197
4073 218
4074 215
4075 188
4076 194
4077 171
4078 244
4079 188
4080 211
4081 218
4082 203
4083 150
4084 222
4085 223
4086 220
4087 178
4088 202
4089 209
4090 177
4091 207
4092 207
4093 232
4094 165
4095 212
4096 205
4097 239
4098 165
4099 191
4100 166
4101 212
4102 168
4103 220
4104 201
4105 189
4106 162
4107 242
4108 176
4109 179
4110 213
4111 227
4112 167
4113 168
4114 209
4115 211
4116 159
4117 193
4118 211
4119 166
4120 158
4121 219
4122 244
4123 207
4124 188
4125 185
4126 241
4127 172
4128 206
4129 212
4130 211
4131 140
4132 229
4133 209
4134 226
4135 190
4136 200
4137 158
4138 206
4139 188
4140 195
4141 216
4142 180
4143 181
4144 210
4145 219
4146 194
4147 201
4148 213
4149 179
4150 171
4151 235
4152 209
4153 172
4154 167
4155 239
4156 149
4157 185
4158 216
4159 258
4160 170
4161 242
4162 188
4163 229
4164 173
4165 225
4166 230
4167 233
4168 165
4169 225
4170 218
4171 218
4172 170
4173 213
4174 184
4175 175
4176 195
4177 197
4178 204
4179 167
4180 235
4181 217
4182 211
4183 199
4184 227
4185 170
4186 207
4187 190
4188 204
4189 203
4190 212
4191 181
4192 252
4193 179
4194 176
4195 214
4196 231
4197 180
4198 209
4199 192
4200 242
4201 183
4202 220
4203 184
4204 208
4205 164
4206 213
4207 219
4208 217
4209 229
4210 160
4211 207
4212 215
4213 196
4214 190
4215 217
4216 155
4217 217
4218 178
4219 214
4220 219
4221 190
4222 155
4223 265
4224 172
4225 205
4226 232
4227 207
4228 166
4229 215
4230 171
4231 222
4232 195
4233 207
4234 223
4235 189
4236 195
4237 209
4238 218
4239 214
4240 194
4241 182
4242 237
4243 170
4244 233
4245 212
4246 236
4247 138
4248 230
4249 225
4250 225
4251 205
4252 201
4253 222
4254 213
4255 210
4256 206
4257 219
4258 178
4259 197
4260 226
4261 233
4262 189
4263 216
4264 208
4265 167
4266 181
4267 228
4268 207
4269 177
4270 217
4271 225
4272 192
4273 206
4274 208
4275 199
4276 187
4277 206
4278 182
4279 232
4280 192
4281 197
4282 227
4283 215
4284 165
4285 205
4286 206
4287 192
4288 195
4289 252
4290 213
4291 188
4292 233
4293 180
4294 227
4295 170
4296 191
4297 232
4298 209
4299 167
4300 213
4301 168
4302 232
4303 172
4304 196
4305 208
4306 181
4307 189
4308 242
4309 187
4310 177
4311 163
4312 249
4313 178
4314 218
4315 181
4316 214
4317 195
4318 217
4319 220
4320 205
4321 136
4322 221
4323 217
4324 225
4325 175
4326 173
4327 208
4328 181
4329 198
4330 214
4331 211
4332 133
4333 204
4334 222
4335 217
4336 186
4337 213
4338 209
4339 208
4340 185
4341 202
4342 218
4343 177
4344 161
4345 255
4346 170
4347 166
4348 202
4349 197
4350 188
4351 162
4352 205
4353 229
4354 198
4355 197
4356 217
4357 180
4358 193
4359 196
4360 190
4361 240
4362 193
4363 177
4364 236
4365 196
4366 229
4367 229
4368 206
4369 138
4370 197
4371 229
4372 200
4373 190
4374 192
4375 176
4376 173
4377 190
4378 218
4379 205
4380 207
4381 208
4382 209
4383 215
4384 188
4385 204
4386 220
4387 185
4388 171
4389 204
4390 168
4391 170
4392 203
4393 262
4394 207
4395 202
4396 211
4397 187
4398 192
4399 208
4400 202
4401 207
4402 155
4403 229
4404 192
4405 178
4406 158
4407 202
4408 210
4409 226
4410 222
4411 196
4412 187
4413 214
4414 216
4415 188
4416 244
4417 163
4418 212
4419 184
4420 216
4421 189
4422 166
4423 209
4424 224
4425 203
4426 167
4427 242
4428 192
4429 176
4430 209
4431 188
4432 182
4433 221
4434 218
4435 202
4436 222
4437 145
4438 228
4439 219
4440 222
4441 180
4442 205
4443 172
4444 172
4445 199
4446 194
4447 219
4448 157
4449 208
4450 208
4451 250
4452 199
4453 228
4454 175
4455 200
4456 174
4457 236
4458 186
4459 157
4460 169
4461 260
4462 157
4463 164
4464 228
4465 214
4466 208
4467 214
4468 166
4469 197
4470 182
4471 202
4472 221
4473 187
4474 187
4475 229
4476 214
4477 208
4478 188
4479 197
4480 221
4481 197
4482 210
4483 192
4484 215
4485 158
4486 204
4487 204
4488 226
4489 180
4490 244
4491 180
4492 215
4493 176
4494 199
4495 178
4496 163
4497 193
4498 219
4499 184
4500 206
4501 197
4502 220
4503 196
4504 196
4505 217
4506 208
4507 180
4508 232
4509 221
4510 175
4511 178
4512 186
4513 201
4514 188
4515 211
4516 194
4517 186
4518 172
4519 203
4520 211
4521 201
4522 146
4523 193
4524 209
4525 222
4526 183
4527 241
4528 175
4529 191
4530 221
4531 212
4532 235
4533 178
4534 175
4535 218
4536 221
4537 197
4538 194
4539 163
4540 214
4541 218
4542 225
4543 212
4544 172
4545 166
4546 221
4547 153
4548 162
4549 184
4550 230
4551 199
4552 205
4553 188
4554 233
4555 203
4556 208
4557 206
4558 197
4559 154
4560 229
4561 206
4562 208
4563 200
4564 184
4565 222
4566 187
4567 199
4568 208
4569 191
4570 155
4571 217
4572 197
4573 189
4574 187
4575 217
4576 205
4577 210
4578 186
4579 218
4580 207
4581 193
4582 187
4583 224
4584 179
4585 169
4586 214
4587 194
4588 197
4589 163
4590 172
4591 193
4592 183
4593 211
4594 227
4595 180
4596 161
4597 223
4598 219
4599 212
4600 162
4601 182
4602 222
4603 183
4604 251
4605 215
4606 204
4607 156
4608 229
4609 196
4610 218
4611 209
4612 188
4613 186
4614 275
4615 187
4616 167
4617 194
4618 202
4619 172
4620 180
4621 193
4622 195
4623 177
4624 235
4625 232
4626 177
4627 203
4628 200
4629 215
4630 189
4631 218
4632 183
4633 201
4634 194
4635 202
4636 211
4637 222
4638 163
4639 189
4640 189
4641 231
4642 178
4643 210
4644 197
4645 188
4646 227
4647 187
4648 217
4649 212
4650 213
4651 199
4652 228
4653 195
4654 199
4655 189
4656 199
4657 201
4658 221
4659 225
4660 172
4661 175
4662 267
4663 170
4664 184
4665 202
4666 222
4667 178
4668 222
4669 184
4670 215
4671 183
4672 211
4673 206
4674 209
4675 154
4676 226
4677 240
4678 227
4679 179
4680 229
4681 209
4682 184
4683 230
4684 202
4685 214
4686 162
4687 220
4688 208
4689 191
4690 192
4691 226
4692 188
4693 200
4694 183
4695 218
4696 240
4697 191
4698 186
4699 257
4700 193
4701 174
4702 228
4703 213
4704 188
4705 214
4706 215
4707 225
4708 176
4709 229
4710 218
4711 187
4712 175
4713 230
4714 218
4715 209
4716 186
4717 203
4718 237
4719 155
4720 203
4721 197
4722 233
4723 187
4724 217
4725 223
4726 218
4727 176
4728 213
4729 184
4730 201
4731 180
4732 207
4733 222
4734 175
4735 185
4736 224
4737 233
4738 166
4739 210
4740 227
4741 171
4742 193
4743 213
4744 197
4745 192
4746 217
4747 206
4748 186
4749 192
4750 220
4751 215
4752 190
4753 230
4754 190
4755 201
4756 170
4757 208
4758 216
4759 184
4760 147
4761 190
4762 200
4763 201
4764 164
4765 201
4766 168
4767 170
4768 224
4769 229
4770 214
4771 203
4772 200
4773 234
4774 219
4775 169
4776 221
4777 207
4778 216
4779 185
4780 216
4781 210
4782 167
4783 200
4784 253
4785 203
4786 172
4787 205
4788 210
4789 176
4790 232
4791 192
4792 210
4793 162
4794 206
4795 220
4796 230
4797 156
4798 219
4799 205
4800 235
4801 172
4802 191
4803 223
4804 179
4805 289
4806 180
4807 205
4808 151
4809 267
4810 184
4811 218
4812 191
4813 163
4814 186
4815 281
4816 184
4817 201
4818 194
4819 202
4820 181
4821 191
4822 196
4823 193
4824 190
4825 231
4826 209
4827 179
4828 145
4829 236
4830 210
4831 208
4832 182
4833 189
4834 232
4835 176
4836 191
4837 209
4838 177
4839 164
4840 208
4841 226
4842 195
4843 178
4844 212
4845 191
4846 211
4847 166
4848 223
4849 197
4850 198
4851 166
4852 225
4853 202
4854 177
4855 226
4856 193
4857 211
4858 196
4859 209
4860 206
4861 170
4862 210
4863 191
4864 198
4865 184
4866 219
4867 209
4868 182
4869 198
4870 195
4871 238
4872 163
4873 222
4874 196
4875 238
4876 158
4877 189
4878 207
4879 214
4880 184
4881 201
4882 179
4883 168
4884 193
4885 216
4886 209
4887 192
4888 185
4889 205
4890 209
4891 173
4892 217
4893 200
4894 183
4895 183
4896 215
4897 212
4898 205
4899 165
4900 254
4901 186
4902 160
4903 227
4904 224
4905 169
4906 223
4907 203
4908 232
4909 185
4910 234
4911 217
4912 254
4913 143
4914 204
4915 220
4916 206
4917 210
4918 199
4919 169
4920 163
4921 182
4922 239
4923 217
4924 163
4925 211
4926 216
4927 193
4928 154
4929 199
4930 167
4931 223
4932 210
4933 192
4934 187
4935 180
4936 173
4937 236
4938 187
4939 176
4940 190
4941 182
4942 159
4943 208
4944 173
4945 209
4946 187
4947 204
4948 203
4949 168
4950 169
4951 241
4952 198
4953 235
4954 161
4955 175
4956 199
4957 196
4958 231
4959 210
4960 215
4961 155
4962 223
4963 224
4964 213
4965 189
4966 208
4967 172
4968 224
4969 170
4970 228
4971 197
4972 215
4973 175
4974 237
4975 190
4976 180
4977 217
4978 194
4979 186
4980 176
4981 229
4982 208
4983 189
4984 188
4985 212
4986 198
4987 172
4988 218
4989 193
4990 181
4991 237
4992 225
4993 204
4994 205
4995 205
4996 227
4997 208
4998 147
4999 192
